50 
100 
10000000 1 0 
10000000 1 1 
10000000 1 2 
10000000 1 3 
10000000 1 4 
10000000 1 5 
10000000 1 6 
10000000 1 7 
10000000 1 8 
10000000 1 9 
10000000 1 10 
10000000 1 11 
10000000 1 12 
10000000 1 13 
10000000 1 14 
10000000 1 15 
10000000 1 16 
10000000 1 17 
10000000 1 18 
10000000 1 19 
10000000 1 20 
10000000 1 21 
10000000 1 22 
10000000 1 23 
10000000 1 24 
10000000 1 25 
10000000 1 26 
10000000 1 27 
10000000 1 28 
10000000 1 29 
10000000 1 30 
10000000 1 31 
10000000 1 32 
10000000 1 33 
10000000 1 34 
10000000 1 35 
10000000 1 36 
10000000 1 37 
10000000 1 38 
10000000 1 39 
10000000 1 40 
10000000 1 41 
10000000 1 42 
10000000 1 43 
10000000 1 44 
10000000 1 45 
10000000 1 46 
10000000 1 47 
10000000 1 48 
10000000 1 49 
614 11 4 10 12 18 22 28 30 35 37 39 45 
146 11 5 8 19 24 25 27 31 33 38 40 47 
886 11 13 14 21 22 33 34 37 41 43 45 46 
710 11 18 21 23 25 26 28 32 39 42 46 49 
224 11 0 7 23 25 27 28 32 36 42 44 49 
177 11 2 4 7 8 11 22 23 38 42 46 47 
811 11 1 4 9 14 15 20 21 27 35 38 48 
379 11 0 5 6 12 24 26 33 38 41 45 47 
388 11 4 7 9 12 16 25 28 30 36 41 47 
404 11 0 12 20 23 26 30 32 33 39 40 43 
740 11 1 21 24 25 27 29 33 35 43 44 49 
352 11 0 3 8 15 16 22 28 39 40 41 45 
811 11 0 20 26 30 32 34 40 41 42 44 49 
687 11 3 8 9 13 15 16 25 29 34 38 40 
772 11 10 16 19 29 34 36 41 43 44 46 49 
53 11 3 6 9 27 31 34 38 41 42 45 49 
211 11 3 5 10 12 14 15 17 18 28 32 34 
953 11 4 10 15 18 19 20 34 37 40 47 49 
357 11 4 10 16 21 24 32 33 36 42 46 47 
300 11 1 7 14 16 28 32 36 39 42 43 49 
239 11 4 10 12 19 35 40 41 43 45 47 48 
688 11 1 2 3 11 24 26 30 31 34 45 46 
653 11 2 5 8 9 10 11 12 22 30 39 44 
870 11 6 13 14 18 19 29 30 37 38 41 43 
202 11 2 7 10 11 13 15 21 37 41 45 46 
311 11 1 5 11 19 20 24 28 31 38 39 48 
430 11 7 11 15 20 25 27 28 29 30 36 43 
629 11 0 6 7 8 13 20 22 28 30 32 35 
988 11 0 5 12 13 21 27 30 36 37 41 47 
350 11 5 6 7 21 22 23 27 30 36 38 42 
555 11 9 10 14 18 19 26 30 32 37 42 45 
153 11 3 8 10 19 21 27 35 40 42 48 49 
287 11 7 13 14 18 19 23 24 26 27 30 48 
750 11 0 15 19 21 24 25 29 31 41 43 47 
502 11 3 9 19 23 28 32 39 42 46 47 49 
494 11 1 2 6 9 12 15 17 27 36 39 45 
785 11 8 15 20 25 26 27 35 36 37 38 42 
608 11 21 22 24 28 31 34 35 38 39 42 47 
788 11 0 4 10 14 23 28 33 40 42 45 49 
69 11 10 12 17 18 21 22 33 34 35 46 47 
800 11 2 13 26 27 30 37 38 39 45 47 49 
696 11 4 8 11 14 19 23 32 38 39 41 49 
607 11 1 2 8 9 13 24 31 35 41 47 49 
541 11 0 5 10 12 19 24 26 32 33 37 43 
342 11 3 11 20 21 23 25 30 35 39 48 49 
442 11 2 7 13 14 19 25 26 28 30 44 46 
893 11 4 5 9 15 18 23 28 29 31 33 42 
252 11 0 3 8 12 15 20 21 38 44 47 49 
839 11 3 8 11 17 18 29 30 42 43 44 45 
513 11 1 2 10 15 22 26 29 33 38 48 49 
